Best params:
interval_length: 700
stride_train: 50
stride_eval: 150
fps: 25
columns_to_remove: openpose, speaker
label_creation: stride_eval
nan_handling: avg
oversampling_rate: 0.2
undersampling_rate: 0.1
bs: 32
dropout: 0.0
fc_dropout: 0.30000000000000004
n_layers: 12
n_heads: 24
d_model: 64
loss: FocalLossFlat
lr: 0.0001073687790367196
Best values:
2: 0.8048119576428696
2: 0.6716277908623081
